5
15
23
28
31
37
39
45
46
58
61
68
69
78
86
88
92
127
148
160
162
170
171
177
180
182
184
187
209
223
224
232
233
237
247
249
250
281
284
308
325
331
334
353
354
356
360
365
366
372
434
456
467
468
471
476
477
512
524
528
529
545
548
552
572
574
607
634
662
678
688
704
727
729
739
756
757
759
765
770
772
776
778
785
789
791
807
841
850
855
861
863
867
883
887
892
903
914
941
948
965
966
997
1021
1022
1044
1049
1053
1069
1077
1078
1081
1084
1094
1097
1099
1111
1118
1134
1139
1140
1141
1149
1157
1159
1167
1168
1169
1176
1190
1204
1210
1211
1213
1215
1224
1233
1264
1273
1274
1277
1305
1311
1315
1322
1366
1369
1390
1398
1429
1435
1454
1470
1471
1473
1489
1493
1497
1503
1505
1521
1522
1530
1558
1564
1567
1569
1577
1580
1587
1594
1597
1599
1604
1609
1611
1620
1626
1629
1644
1651
1655
1669
1690
1691
1692
1693
1704
1720
1727
1732
1746
1748
1749
1753
1767
1768
1775
1786
1798
1803
1848
1853
1861
1865
1867
1878
1879
1898
1913
1922
1923
1926
1935
1942
1943
1960
1970
1995
2003
2013
2016
2017
2019
2028
2032
2034
2053
2059
2065
2073
2076
2078
2079
2090
2092
2097
2101
2113
2141
2144
2155
2157
2173
2176
2200
2202
2214
2215
2256
2284
2302
2307
2320
2327
2328
2334
2340
2353
2365
2376
2387
2389
2390
2392
2395
2413
2415
2423
2438
2440
2445
2447
2461
2468
2471
2478
2487
2499
2508
2512
2522
2534
2537
2551
2562
2566
2571
2597
2602
2603
2614
2619
2625
2627
2630
2639
2640
2642
2649
2657
2660
2666
2686
2691
2694
2699
2714
2715
2741
2750
2752
2765
2766
2774
2783
2800
2803
2840
2844
2855
2858
2860
2867
2882
2890
2897
2913
2921
2925
2984
3004
3005
3014
3016
3018
3027
3033
3041
3042
3044
3053
3056
3066
3070
3080
3081
3082
3106
3109
3111
3115
3125
3127
3148
3152
3160
3172
3173
3178
3179
3181
3188
3203
3205
3215
3221
3231
3247
3255
3262
3284
3291
3296
3324
3332
3360
3369
3382
3386
3393
3395
3438
3440
3478
3481
3482
3494
3514
3516
3561
3566
3573